10 111101
32 110
33 10111001111
34 1011101
38 10111001100111101
39 111100101
40 10111001100111100
41 01101100111101001
44 011001
45 101110000
46 1111100
47 011011001111010000
48 1011100110010
49 0110110011111
50 10111000101100
51 011011001111001
52 101110011001110
53 011011001111011
54 011011001111000
55 101110011001100
56 10111000101101
57 1011100110011111
58 11110011111011
59 111100111111
63 1111001001
65 1111001101
66 0110110100
67 10111001101
68 01101100011
69 01101100110
70 111100111101
71 101110011000
72 101110010
73 0110001
74 011011001110
75 1011100010111
76 10111000100
77 1111001000
78 10111000110
79 10111000111
80 111100111100
81 101110011001101
82 01101100010
83 1111001110
84 011011011
85 11110011111010
86 1111001111100
87 1111001100
88 0110110011110101
89 0110110010
90 011011001111010001
97 1000
98 1111000
99 101111
100 10110
101 001
102 100110
103 011010
104 0100
105 0000
106 10111001110
107 0110000
108 10010
109 111001
110 0101
111 0111
112 1111101
113 0110110000
114 11101
115 0001
116 1010
117 111111
118 0110111
119 111000
120 0110110101
121 100111
122 101110001010
